0.91150348
0.87554381
0.85618573
0.84296731
0.8314495
0.8216453
0.81346007
0.80672009
0.80122072
0.79675796
0.79314545
0.7902221
0.78785311
0.78592795
0.78435729
0.78306963
0.78200807
0.7811275
0.78039217
0.77977376
0.77924981
0.77880242
0.77841729
0.77808286
0.77778992
0.77753067
0.77729916
0.77709071
0.77690168
0.77672918
0.77657089
0.77642493
0.77628978
0.77616419
0.7760471
0.77593765
0.77583509
0.77573879
0.77564822
0.7755629
0.77548242
0.77540643
0.77533459
0.77526665
0.77520255
0.77514224
0.77508566
0.77503262
0.7749828
0.77493597
0.77489189
0.77485033
0.77481111
0.77477404
0.77473897
0.77470577
0.77467431
0.77464448
0.7746162
0.77458936
0.77456389
0.77453973
0.7745168
0.77449504
0.77447441
0.77445483
0.77443627
0.77441867
0.77440198
0.77438617
0.77437119
0.774357
0.77434357
0.77433085
0.77431881
0.77430741
0.77429661
0.77428637
0.77427666
0.77426744
0.77425869
0.77425036
0.77424243
0.77423488
0.77422768
0.77422081
0.77421426
0.77420801
0.77420204
0.77419633
0.77419088
0.77418567
0.7741807
0.77417595
0.77417141
0.77416708
0.77416296
0.77415902
0.77415528
0.77415171
0.77414833
0.77414511
0.77414207
0.77413918
0.77413645
0.77413388
0.77413145
0.77412917
0.77412702
0.77412502
0.77412314
0.77412139
0.77411976
0.77411825
0.77411685
0.77411555
0.77411436
0.77411327
0.77411227
0.77411137
0.77411054
0.77410979
0.77410912
0.77410851
0.77410797
0.77410749
0.77410706
0.77410669
0.77410635
0.77410606
0.7741058
0.77410558
0.77410538
0.7741052
0.77410504
0.77410489
0.77410476
0.77410463
0.77410451
0.77410438
0.77410426
0.77410412
0.77410398
0.77410383
0.77410366
0.77410348
0.77410327
0.77410305
0.77410281
0.77410254
0.77410225
0.77410194
0.77410159
0.77410123
0.77410083
0.77410041
0.77409996
0.77409948
0.77409897
0.77409844
0.77409789
0.7740973
0.7740967
0.77409606
0.77409541
0.77409474
0.77409404
0.77409333
0.7740926
0.77409183
0.77409106
0.77409027
0.77408949
0.77408871
0.77408794
0.77408719
0.77408644
0.77408572
0.77408496
0.77408426
0.77408349
0.77408277
0.77408198
0.77408123
0.77408042
0.77407964
0.77407883
0.77407804
0.77407726
0.77407649
0.77407578
0.77407507
0.77407447
0.77407386
0.7740734
0.77407292
0.7740726
0.77407227
0.7740721
0.77407192
0.77407189
0.77407186
0.77407193
0.77407203
0.77407218
0.77407238
0.77407256
0.77407283
0.77407302
0.77407332
0.77407349
0.7740738
0.77407394
0.77407422
0.77407433
0.77407459
0.77407468
0.7740749
0.77407498
0.77407518
0.7740753
0.77407549
0.77407567
0.77407588
0.77407617
0.77407643
0.77407686
0.77407721
0.77407781
0.77407828
0.77407906
0.77407968
0.77408065
0.77408146
0.77408261
0.7740836
0.77408492
0.77408611
0.77408755
0.77408892
0.77409046
0.77409198
0.77409355
0.77409519
0.77409675
0.77409844
0.77409994
0.77410164
0.77410301
0.77410464
0.77410585
0.77410735
0.77410835
0.77410965
0.77411043
0.77411146
0.774112
0.77411272
0.77411301
0.77411339
0.77411343
0.77411345
0.77411327
0.77411293
0.77411255
0.77411188
0.77411133
0.77411036
0.77410969
0.77410848
0.77410772
0.77410635
0.77410554
0.7741041
0.77410327
0.77410184
0.77410104
0.77409972
0.77409897
0.77409785
0.77409717
0.77409632
0.77409575
0.77409523
0.77409478
0.7740946
0.77409428
0.77409444
0.77409425
0.77409471
0.77409462
0.77409529
0.77409528
0.77409601
0.77409599
0.77409659
0.77409644
0.77409665
0.77409621
0.77409585
0.77408731
0.77408731
0.77408731
0.77408731
